25
3
76
43
31
16
17
68
5
52
93
50
33
102
35
45
73
7
66
22
40
19
98
127
6
44
58
79
41
14
155
34
26
131
100
59
38
146
21
23
71
24
108
39
105
142
101
187
47
1
85
70
144
178
64
168
42
13
29
121
106
75
90
11
133
197
20
183
36
193
97
82
60
57
87
112
95
46
104
132
4
91
83
77
208
48
72
240
167
182
51
28
117
151
27
220
118
0
221
248
8
54
92
56
134
218
49
67
149
12
236
80
166
152
9
189
111
145
204
239
275
18
88
30
224
243
161
163
196
212
69
37
74
55
78
128
250
258
298
89
266
164
124
63
62
116
103
242
181
120
160
293
135
216
96
84
287
109
113
122
206
99
126
213
123
53
159
138
202
246
129
316
81
308
172
143
162
301
61
226
263
107
169
228
271
158
175
170
323
231
157
201
310
115
139
222
324
10
261
119
241
311
192
177
253
223
329
272
156
173
327
141
225
125
313
237
148
268
319
154
244
15
211
340
153
285
147
190
140
232
165
277
348
273
191
331
130
188
283
229
286
174
200
251
227
199
339
352
205
171
302
344
180
136
137
306
150
292
262
294
255
353
320
209
217
303
338
185
186
333
314
94
234
2
110
32
309
235
198
214
346
318
252
265
194
357
312
270
289
195
184
299
281
300
279
288
230
245
358
238
179
256
330
203
332
317
304
297
219
269
342
305
322
276
233
343
176
326
307
295
257
267
264
259
278
260
356
334
315
249
207
296
328
210
274
354
341
247
254
290
335
114
347
349
325
284
65
215
291
350
355
280
282
336
351
337
86
345
321
